<?xml version="1.0"?>
<opencv_storage>
<Matrix type_id="opencv-matrix">
  <rows>64</rows>
  <cols>58</cols>
  <dt>f</dt>
  <data>
    5.88848516e-002 -8.21831077e-003 4.59745601e-002 1.29879773e-001
    2.98655010e-003 -1.37109710e-002 5.75973839e-002 6.29595965e-002
    -6.66882321e-002 -6.20684884e-002 1.71509311e-002 -2.91470941e-002
    1.35422545e-003 1.63653996e-002 1.41829858e-002 2.22952906e-002
    3.53410654e-002 5.85263483e-002 2.68996507e-001 8.79015122e-003
    -5.08087538e-002 -1.28287584e-001 -8.52038190e-002 -8.76259804e-002
    -4.02584160e-003 -4.69527617e-002 2.55870856e-002 -2.49000937e-002
    -4.22078334e-002 -1.06744632e-001 -1.19701512e-001 -1.20690912e-001
    -8.75405371e-002 2.06705742e-002 -9.44174547e-003 2.13571861e-002
    5.86644411e-002 1.20097240e-002 1.51778637e-002 7.02207675e-003
    5.54337632e-003 -5.95015697e-002 9.97946858e-002 2.49214619e-002
    1.62350852e-002 2.03662515e-002 7.56918825e-003 6.07163133e-003
    -9.41967033e-003 1.28472894e-002 1.47693139e-002 -2.68063368e-003
    2.33154129e-002 7.03367358e-003 1.16424700e-002 2.18488779e-002
    5.32462634e-003 3.49040367e-002 4.83612865e-002 5.97837828e-002
    6.26713112e-002 1.14608519e-001 3.36199738e-002 5.02163135e-002
    1.22062154e-002 1.02426773e-002 1.71445031e-002 2.92948280e-002
    2.17761826e-002 1.45948529e-002 9.78257656e-002 2.13453341e-002
    -4.78057377e-003 3.65702845e-002 1.24555491e-001 1.27711192e-001
    7.03145415e-002 9.09522101e-002 1.89921670e-002 -1.93121657e-002
    6.73474148e-002 3.00285649e-002 1.43445795e-002 -4.60365117e-002
    -6.04194328e-002 -8.56350083e-003 -6.60139546e-002 3.82975180e-004
    3.26546170e-002 1.12370938e-001 -1.81890205e-002 2.59230733e-002
    -2.37649400e-002 3.57001051e-002 1.16118968e-001 3.99683155e-002
    -3.51791806e-003 2.54433416e-002 2.60246806e-002 1.42949307e-002
    3.51782292e-001 2.81914882e-002 2.63242088e-002 -2.29894649e-002
    -1.86129529e-002 2.80718021e-002 1.41103007e-002 -5.21727800e-002
    8.90989155e-002 7.28577226e-002 2.46721685e-001 2.87225917e-002
    5.04871495e-002 5.47123179e-002 8.58726874e-002 6.12672791e-002
    5.88848516e-002 1.93195287e-002 4.60006371e-002 1.54017672e-001
    8.15358199e-003 3.17616202e-002 5.81653453e-002 6.36828169e-002
    6.81318939e-002 7.29542077e-002 1.71901640e-002 3.37536298e-002
    1.55959111e-002 1.64488200e-002 4.27108221e-002 2.22952906e-002
    6.20201416e-002 9.27736312e-002 2.68996507e-001 1.27422111e-002
    1.38348222e-001 1.33813575e-001 1.15681969e-001 8.90629962e-002
    5.46576176e-003 7.39668161e-002 7.77867511e-002 4.04233001e-002
    1.30756080e-001 1.09426513e-001 1.21058039e-001 1.36232704e-001
    9.27893966e-002 2.06705742e-002 2.78978143e-002 2.13571861e-002
    8.05626437e-002 1.49997529e-002 1.54534774e-002 1.15204761e-002
    9.70916171e-003 8.39171335e-002 1.24069951e-001 3.09855845e-002
    2.22851858e-002 4.73548360e-002 6.37976602e-002 7.08304811e-003
    1.31497951e-002 1.23051032e-001 1.82538535e-002 9.73606016e-003
    2.38187890e-002 8.32425430e-003 1.17355688e-002 2.28287745e-002
    1.46923754e-002 3.82430442e-002 4.87243943e-002 5.97837828e-002
    6.26713112e-002 1.14608519e-001 3.36199738e-002 6.01733290e-002
    8.00002068e-002 7.71986172e-002 3.78142446e-002 4.60248739e-002
    2.18345765e-002 5.79260737e-002 9.78257656e-002 2.13456973e-002
    2.41523013e-002 3.65702845e-002 1.24555491e-001 1.27711192e-001
    7.03434423e-002 9.09522101e-002 6.69532120e-002 6.99732900e-002
    8.61669034e-002 4.47619334e-002 1.43445795e-002 7.08130673e-002
    6.72065765e-002 7.18666166e-002 8.47183466e-002 6.33110106e-002
    3.58560905e-002 1.48612067e-001 6.02539890e-002 2.59230733e-002
    2.70479023e-002 3.57001051e-002 1.16118968e-001 4.02333625e-002
    2.69190203e-002 2.60422844e-002 2.62234844e-002 7.88811520e-002
    3.59123081e-001 2.84529589e-002 2.77312659e-002 4.55952846e-002
    3.99645306e-002 2.80718021e-002 2.28360966e-002 7.09542483e-002
    8.90989155e-002 7.28577226e-002 2.46721685e-001 2.87225917e-002
    5.04871495e-002 5.47798425e-002 8.58726874e-002 6.12672791e-002
    3.17502804e-002 -9.16503742e-002 1.53562129e-002 -8.35152641e-002
    -1.88460127e-002 -4.31876183e-002 6.41951859e-002 6.44420385e-002
    -1.61638170e-001 -9.23254415e-002 1.27271116e-002 3.78184356e-002
    1.76265789e-003 1.12919686e-002 -3.55211906e-002 1.11306775e-002
    -3.17775570e-002 -4.95193303e-002 2.19657682e-002 1.23366239e-002
    1.86512284e-002 -7.36699477e-002 3.31550138e-003 -1.42054513e-001
    -4.34217043e-002 -4.94649448e-002 -6.43264279e-002 -1.45076126e-001
    -1.30962431e-002 -1.65237561e-001 -5.42503931e-002 -9.42498520e-002
    -1.89001352e-001 1.69795305e-002 -1.47897124e-001 7.67524680e-003
    -2.96790116e-002 6.11881478e-005 1.58040486e-002 1.82047184e-003
    1.99336791e-003 4.15162593e-002 4.98791747e-002 4.09693792e-002
    3.17965709e-002 2.02091243e-002 2.39287242e-002 5.77049004e-003
    1.61292199e-002 -5.43984883e-002 4.32557575e-002 -2.14582626e-002
    2.19491031e-002 6.38756761e-003 7.14466162e-003 1.47495205e-002
    -2.24621594e-003 -1.46389706e-003 9.14704651e-002 2.59117156e-001
    1.09439962e-001 2.96298444e-001 5.05711213e-002 1.17568783e-001
    -8.50467756e-003 -6.04128838e-003 1.00093164e-001 6.73909453e-005
    4.05965671e-002 5.82224131e-002 1.54389352e-001 3.95488068e-002
    -1.07612133e-001 5.74507639e-002 2.76154131e-001 2.88616836e-001
    2.59933900e-002 1.39310956e-001 1.33378729e-002 7.92529508e-002
    1.14300340e-001 7.92278871e-002 6.59506917e-002 -1.45018950e-001
    -1.71880424e-001 -9.91429165e-002 -1.06618486e-001 4.96475026e-002
    -7.23982602e-002 6.08791001e-002 1.88493766e-002 4.26707789e-002
    -5.84964193e-002 5.02617620e-002 2.49620825e-001 9.42683294e-002
    3.14683877e-002 4.07014713e-002 3.54019552e-002 -1.44878373e-001
    3.51081848e-001 4.61332947e-002 4.92175706e-002 -2.63034017e-003
    -5.30078541e-003 4.02313173e-002 3.22513306e-003 8.92967824e-003
    1.32028013e-001 1.97162703e-001 3.28634024e-001 4.21159342e-002
    8.08946490e-002 7.68959373e-002 1.78628087e-001 1.78015694e-001
    3.44113372e-002 9.30698439e-002 2.10612230e-002 1.32675335e-001
    1.89241860e-002 4.92282622e-002 6.43207580e-002 6.46930486e-002
    1.80004880e-001 1.90182552e-001 1.76897608e-002 5.65614253e-002
    3.58073190e-002 1.64449718e-002 1.18010171e-001 1.76121723e-002
    4.70649078e-002 6.10611811e-002 2.19991356e-002 1.67350043e-002
    1.04651958e-001 9.78018939e-002 1.64776996e-001 2.11336821e-001
    4.42695953e-002 1.56400919e-001 1.77530929e-001 1.98742613e-001
    1.69400558e-001 1.95101082e-001 1.48878738e-001 2.14921981e-001
    2.23528475e-001 1.82666834e-002 1.62167177e-001 1.27265621e-002
    4.19985168e-002 1.98584750e-001 1.72473211e-002 1.43400747e-002
    1.59772914e-002 1.19191736e-001 1.23063274e-001 4.33948040e-002
    3.53494622e-002 2.22083740e-002 2.72450987e-002 1.09005086e-002
    1.02769680e-001 7.92900920e-002 2.02726603e-001 2.94319503e-002
    1.30421251e-001 1.00667477e-002 9.54688992e-003 1.57789625e-002
    2.61253808e-002 1.64427869e-002 9.14704651e-002 2.59117156e-001
    1.09439962e-001 2.96298444e-001 5.05711213e-002 1.24917082e-001
    5.21786027e-002 5.18890545e-002 1.65435433e-001 9.08703208e-002
    4.05977443e-002 1.09241426e-001 1.54389352e-001 3.98625694e-002
    1.26330227e-001 5.74507639e-002 2.76154131e-001 2.88616836e-001
    2.60069836e-002 1.39310956e-001 6.46800026e-002 1.52682394e-001
    1.86814010e-001 2.09952235e-001 6.59572333e-002 1.65644407e-001
    1.82925761e-001 1.58464462e-001 1.55241564e-001 2.03187138e-001
    1.06655836e-001 2.01375425e-001 2.24422216e-001 4.26707789e-002
    1.33384839e-001 5.02617620e-002 2.49620825e-001 1.11327931e-001
    3.70920971e-002 4.22650501e-002 3.77921537e-002 2.08788559e-001
