<?xml version="1.0"?>
<opencv_storage>
<goal type_id="opencv-matrix">
  <rows>64</rows>
  <cols>52</cols>
  <dt>f</dt>
  <data>
    7.89348211e-004 -6.21147046e-004 -4.20936791e-004 -1.16457806e-004
    3.71807910e-005 -1.96368946e-003 -7.64650817e-004 -8.78908020e-003
    -6.79456489e-003 1.11131762e-004 -2.50428030e-003 -7.25094462e-004
    -5.67858480e-003 -4.55203641e-004 -4.19443659e-003 -8.02645402e-004
    2.72499863e-004 -3.28466017e-003 -4.37113969e-003 7.88625097e-004
    -1.15976494e-004 -0.01283307 1.83606928e-003 9.76669253e-004
    -6.29409589e-003 8.72490709e-005 -8.10832623e-003 4.32382192e-004
    2.79409316e-004 2.17653555e-003 -0.01356266 5.06992874e-005
    -3.65889369e-004 -5.08233614e-004 -1.08745834e-003 3.37338890e-004
    -6.57044409e-004 -1.14008470e-003 2.58244737e-003 -1.13957515e-003
    -7.19691277e-004 9.51105379e-004 -9.60946665e-004 -8.13191757e-003
    8.96083948e-004 1.90863866e-004 9.04782617e-004 -9.37868201e-004
    1.85064052e-003 1.29982061e-003 -1.47769554e-003 -1.94280859e-004
    -3.99834198e-006 5.23949566e-004 -7.46318256e-005 9.28075096e-005
    -8.49367934e-005 5.47451107e-003 -1.58316153e-003 -6.10562740e-003
    3.42580536e-003 2.51094374e-004 -6.80897429e-005 -1.88880018e-004
    2.49797828e-004 5.83244138e-004 -7.81997980e-004 -3.07402108e-004
    2.98027822e-004 3.90308443e-004 -5.33277588e-003 1.76436719e-004
    -6.64911349e-004 3.10394284e-003 -2.50959466e-003 9.90886620e-005
    2.72202655e-003 -2.75819795e-004 2.10960978e-003 -1.35186745e-003
    5.18632936e-004 6.63276855e-003 3.08812526e-003 7.49349827e-004
    5.69137838e-003 4.19758260e-003 1.07282738e-003 -1.84099499e-005
    -6.06843641e-005 -5.82521425e-005 -6.62813801e-003 -2.78205087e-004
    -1.70557573e-003 -1.24368072e-003 -2.66932347e-003 4.85774782e-003
    -1.05632842e-003 -0.01363792 4.19526594e-004 1.79260003e-003
    0.01161913 4.58512732e-005 -1.01810612e-003 2.27890047e-003
    7.91767845e-004 1.17408705e-003 7.59158749e-004 2.74716469e-004
    1.16393887e-004 4.57165111e-003 2.99325236e-003 8.81233811e-003
    7.22294487e-003 6.84847590e-004 2.54260167e-003 7.94861116e-004
    6.69902097e-003 6.82700076e-004 4.70869290e-003 2.00911635e-003
    6.14874356e-004 3.73595278e-003 4.70848940e-003 1.78392371e-003
    7.60407769e-004 0.01315883 1.83606928e-003 1.03989011e-003
    7.46028125e-003 2.70474673e-004 8.12501926e-003 4.91940824e-004
    5.31586003e-004 4.33014799e-003 0.01375042 5.47863892e-004
    2.44151335e-003 2.40931381e-003 1.09490566e-003 4.22968093e-004
    1.21980370e-003 1.64468633e-003 3.44993803e-003 1.49310112e-003
    8.26450065e-004 9.85724386e-004 9.87145002e-004 8.20571650e-003
    8.96083948e-004 6.74777245e-003 9.48065950e-004 1.23880326e-003
    2.18048692e-003 1.29982061e-003 2.34469515e-003 1.61450263e-003
    7.39089970e-004 2.25416082e-003 1.07594719e-003 1.51489803e-004
    1.36421295e-004 7.62250507e-003 6.99510192e-003 8.42421316e-003
    3.51520535e-003 7.98744790e-004 2.77200306e-004 2.50429614e-004
    1.63495261e-003 9.76919429e-004 1.45158300e-003 6.46734727e-004
    4.57774586e-004 7.90104270e-004 6.07259059e-003 1.52036850e-003
    9.16134217e-004 3.53922206e-003 2.88929604e-003 8.81873420e-004
    2.79505760e-003 1.33434148e-003 2.10960978e-003 1.39204331e-003
    7.04131264e-004 0.01485180 3.12627945e-003 8.76089209e-004
    7.56997010e-003 4.79322765e-003 2.27592862e-003 1.29371168e-004
    1.47687548e-004 2.51219841e-004 7.21129542e-003 5.66918054e-004
    1.70557573e-003 1.48794428e-003 2.73781107e-003 4.85774782e-003
    1.09352753e-003 0.01427664 8.15986306e-004 2.31096591e-003
    0.02191379 1.50842694e-004 1.03238132e-003 9.12807416e-003
    -0.02666830 -0.04270520 0.02837814 0.01152198 -0.05442566 0.04035981
    0.04445065 0.02148040 0.03416949 0.02428768 0.03183639 -0.04786696
    0.02517203 0.02691372 0.04154584 0.02624652 -0.02870044 0.02731072
    0.02557760 0.02097113 0.02033671 0.02876570 -0.02369069 0.02220533
    0.03071263 -0.03738635 0.02524129 1.40395912e-003 0.02511167
    0.02586643 0.02648022 0.01142952 0.03027373 0.02867349
    4.70745051e-003 -0.05846859 0.02007448 0.02267360 3.05898907e-003
    0.01370187 5.44052804e-003 3.92737333e-003 6.05714486e-005
    0.01780267 6.36441400e-004 0.01255189 0.01911655 7.58830039e-003
    0.03973422 0.01363850 0.01207452 0.01811832 -2.32781493e-003
    -0.02227305 -5.43114962e-003 1.80948712e-003 -1.54418568e-003
    -0.01449115 -0.02365363 6.31334318e-004 8.90614698e-004
    4.46843798e-004 -4.92376089e-003 -7.23543251e-003 8.92660301e-003
    -0.01331106 4.18278854e-003 -3.98666505e-003 -0.01933714
    -1.50130352e-003 8.82873591e-003 2.56837276e-003 -4.33510076e-003
    -0.01501804 -0.01712921 -1.53085333e-003 6.18719729e-003 -0.03191476
    2.47538602e-003 -3.36516695e-003 7.25429226e-003 -0.02737985
    -0.03370035 3.95817886e-004 1.54717790e-003 6.23506494e-004
    1.08124129e-003 -4.32884507e-003 4.27208282e-003 3.46942269e-003
    2.28028395e-003 -2.46291608e-003 -5.57153719e-003 -9.29821935e-003
    -0.01432672 0.02011309 -1.85113901e-003 -0.03968440 8.52541160e-003
    7.58079626e-003 -1.87570567e-003 4.00484947e-004 -0.02961257
    8.20253696e-003 0.02666830 0.04830627 0.08889043 0.07868151
    0.05459252 0.07477318 0.04456555 0.05878164 0.05430448 0.07848052
    0.09032971 0.05310474 0.06624003 0.09763985 0.08053879 0.08727816
    0.02923086 0.08156836 0.06633537 0.10151283 0.07667160 0.03957868
    0.03282933 0.10617428 0.04988805 0.04205882 0.04668495
    1.61238492e-003 0.07686395 0.05274203 0.03898114 0.09029157
    0.06687280 0.08218646 0.02082511 0.06201395 0.12033898 0.10896251
    0.03090210 0.09851287 8.71345028e-003 0.07628191 0.13314423
    0.02447651 1.22387928e-003 0.01737863 0.07229892 0.07705379
    0.06254599 0.12823474 0.09621311 0.06514369 5.00294147e-003
    0.02368436 0.02371700 0.01242129 3.85262468e-003 0.02931703
    0.03094011 0.03877876 6.21733814e-003 0.01062907 0.02293943
    0.01120170 0.03134489 0.02539906 9.44250543e-003 0.01594514
    0.02342738 0.01103850 0.03961941 0.02051186 0.01158455 0.01663264
    0.01936121 0.01546680 0.01172572 0.03471420 0.01259535
    3.46163707e-003 0.01251665 0.04135319 0.03708301 8.79790448e-003
    0.01501003 0.01544365 7.63289863e-003 7.81270955e-003 0.01343746
    0.01387757 0.01584866 9.66665894e-003 8.30888003e-003 0.04897633
    0.02846084 0.02222751 2.24403222e-003 0.04227992 0.01028603
    0.01474334 0.03327586 7.53404247e-003 0.03716164 0.02926461
    0.03071578 0.03734296 1.15210610e-003 5.40559832e-003 0.04737605
    -3.60251847e-003 4.42094076e-003 0.01213697 6.81102276e-004
    1.15156500e-003 -3.39539518e-004 0.05355733 2.45835749e-003
    -5.44087961e-005 2.51017581e-003 1.54794846e-003 -0.01204604
    1.35061704e-003 4.87552304e-003 9.57975804e-004 2.25985888e-003
    -3.00276908e-004 0.01693694 5.75882802e-003 4.71040001e-003
    0.02392708 -7.38454808e-004 -5.00618247e-003 1.23902818e-003
    -3.45191360e-003 -3.15426639e-003 7.57530052e-003 2.41967282e-004
    -3.51180555e-004 -2.87671713e-003 0.06223139 9.86969331e-004
    1.23981771e-003 3.08018207e-004 2.54749111e-003 0.01143118
    1.34683307e-003 2.22665211e-003 -1.26110308e-003 -4.90670966e-004
    -0.01031425 5.54077094e-003 2.72577209e-003 -7.43466371e-005
    3.03547457e-003 -1.37972971e-003 2.39797053e-004 -5.42413350e-003
    0.01437812 9.85293533e-004 -1.26052985e-003 1.78800104e-003
    -2.06410233e-003 2.91064009e-003 0.01368270 -2.26878856e-005
    -6.20038132e-004 2.18462999e-004 -3.66800325e-003 0.01501757
    -3.63513781e-003 -1.22450665e-003 -1.60652283e-003 -8.64335860e-004
    -4.55730967e-003 0.01337665 -1.97189060e-004 -1.60623156e-003
    -0.01176395 -4.19773161e-003 4.09051543e-003 0.01648417 0.02943314
    0.01015881 -0.01296114 0.01120336 -4.66534169e-003 3.89566948e-003
